451.85
177.77
477.33
198.18
477.10
148.89
480.13
205.08
212.50
288.62
164.03
162.95
216.18
390.06
221.38
463.18
383.00
276.78
416.41
372.76
324.33
175.54
182.58
195.89
394.38
202.01
215.99
201.61
169.45
391.27
293.95
300.22
311.73
162.86
199.67
216.79
317.00
176.51
374.57
328.66
160.36
187.48
207.95
290.47
191.47
188.83
431.34
190.26
298.12
259.40
383.85
350.25
169.37
380.90
352.75
320.01
425.60
321.41
190.24
399.18
166.35
211.24
208.38
175.82
397.89
319.93
296.31
391.00
433.02
445.95
275.37
291.43
184.30
475.33
214.53
373.05
153.43
324.64
308.98
187.12
209.63
208.76
229.30
193.16
283.23
397.19
205.87
221.54
209.98
295.64
213.10
281.43
372.49
174.17
319.82
285.86
329.86
225.82
290.84
318.47
826.80
1543.84
831.99
1698.93
1207.64
600.65
1456.45
1501.80
789.25
1427.46
707.81
1509.70
1491.03
1564.73
1540.78
1501.67
782.19
697.82
1296.76
721.77
1674.05
1610.82
746.07
1138.84
747.79
1647.09
796.91
775.08
584.32
779.61
1491.45
971.59
980.35
788.67
1440.91
781.79
1169.03
1395.71
1484.91
909.48
656.93
961.59
1145.62
783.25
916.39
1370.84
1637.20
1337.72
821.04
1473.54
793.95
1460.14
1066.98
1408.97
1396.39
804.90
1163.69
1225.43
767.41
693.10
1352.03
583.17
1108.84
855.73
1503.09
1356.94
773.78
755.81
1660.24
440.56
755.87
916.25
828.91
1165.58
1337.12
1371.27
1555.27
771.96
679.93
714.74
1544.74
1292.17
881.24
1703.56
1004.31
1077.49
760.99
820.35
806.21
1336.57
1565.84
1258.28
907.66
583.00
513.33
1170.18
976.91
688.57
693.32
861.59
1886.14
1608.66
1569.70
1074.80
1561.32
2065.64
1150.13
1028.16
1176.23
1748.11
1518.48
1369.59
1588.54
1123.25
1780.31
1722.60
1556.01
1130.16
1899.79
1546.91
1053.85
1406.83
1903.10
1713.88
1673.68
1445.29
1307.07
1821.72
1067.47
1633.72
653.07
1377.42
1160.66
1626.87
1076.62
1787.48
1097.28
1633.53
1678.43
1594.50
1144.21
1545.39
826.17
1531.69
1671.53
1783.03
2000.63
1816.18
1610.32
1760.20
1222.68
1207.66
1939.21
1606.53
1909.76
1114.26
1508.28
915.17
1514.03
1265.13
1530.48
1703.67
1816.51
1259.29
1534.89
1754.07
1748.90
1238.99
1482.62
1923.69
1680.41
1788.30
1298.52
1151.41
1056.81
966.01
1882.33
1372.70
1524.52
949.39
1962.41
1155.14
1546.86
1915.62
1313.48
1891.72
1820.95
1133.49
1638.19
1139.18
1938.86
1869.30
2024.24
1925.83
1129.29
1508.61
982.95
1876.56
1674.96
1666.51
1393.11
965.93
1306.26
803.41
1382.14
771.59
884.43
1441.55
1421.15
1535.20
779.81
1250.56
1169.21
1127.41
1200.92
830.77
1008.50
598.56
1089.02
1014.90
1462.28
776.60
768.34
1454.31
1531.60
1077.07
1230.28
1604.58
1104.56
973.32
590.43
645.26
694.99
1928.07
1309.84
763.12
754.64
659.49
934.62
1036.10
689.81
789.79
1266.01
1365.88
874.07
1062.90
1320.82
652.13
777.21
1117.42
1627.61
1034.00
691.82
1112.13
625.43
751.21
1340.95
1425.07
579.12
728.48
753.38
1100.39
1788.58
1400.90
625.62
1644.62
1447.51
748.13
763.41
1048.56
981.71
1055.31
1442.61
1342.64
1355.52
1081.78
1363.71
650.55
753.65
1245.71
771.74
966.22
1310.69
534.67
1178.20
769.83
1923.25
546.04
873.27
1343.73
689.91
943.34
660.16
1387.38
1693.07
1085.57
1402.37
835.96
1132.19
1612.74
1001.95
638.37
899.41
1113.39
843.54
562.36
907.84
931.71
484.14
1141.24
679.68
1108.85
753.66
981.35
776.21
602.84
1230.42
598.92
1371.30
540.35
1056.18
563.23
805.26
813.02
712.62
832.84
1202.63
816.68
532.06
1371.42
529.40
764.56
1035.28
1014.11
653.96
1569.92
811.51
890.84
761.82
1041.44
1070.42
930.61
594.99
655.68
550.17
1109.83
597.82
810.97
1149.23
723.93
289.55
273.07
313.39
676.55
1134.17
615.95
906.34
768.69
437.89
879.37
869.88
832.59
788.20
691.14
1214.14
447.22
891.71
1090.23
1181.98
330.73
742.25
842.82
1130.36
1097.91
733.96
842.78
1017.50
1154.60
862.53
349.60
607.58
708.89
301.35
306.10
807.03
677.98
1217.94
832.67
775.20
1167.12
549.61
576.09
371.73
781.53
314.73
286.86
985.95
744.26
826.40
751.71
922.71
828.02
676.88
279.07
951.14
297.88
845.53
570.24
822.71
607.31
809.56
757.32
606.26
473.52
295.04
786.77
753.02
1215.99
822.11
452.24
1039.50
763.06
1195.23
481.64
614.11
491.43
632.72
806.82
868.81
359.98
617.70
957.24
760.56
687.13
303.07
888.35
1127.50
314.86
1135.59
582.21
926.12
951.80
711.05
280.25
448.05
423.74
1172.85
1142.82
346.82
830.50
1468.32
1108.84
1159.30
1416.54
1197.89
535.75
685.57
728.94
1069.55
1294.32
800.16
1375.25
919.37
650.17
1387.22
694.93
654.17
597.02
878.48
1370.16
631.02
601.48
789.50
1515.33
1248.77
747.24
1461.05
745.15
1273.04
627.50
627.55
1110.13
595.99
607.10
799.20
1442.98
1328.04
946.58
1086.14
1277.22
1496.22
899.04
1082.80
1496.06
771.68
1374.83
1421.11
1287.62
762.41
1233.77
1470.25
723.79
1529.10
1359.14
589.66
1369.17
750.09
583.91
732.27
1437.40
877.64
1091.96
1115.42
1516.07
1322.10
790.25
1066.36
1349.39
1436.21
699.71
1533.49
535.98
1325.77
531.47
896.38
1343.86
1326.10
692.27
1480.63
988.00
778.67
654.27
772.76
1488.92
864.57
647.23
1483.38
1383.36
808.51
1503.57
548.97
954.22
650.11
919.35
963.88
1141.96
608.97
1280.06
1323.14
714.28
1803.04
1944.06
2000.39
1903.57
1689.12
1946.35
1913.49
1976.94
2089.02
1940.75
1952.30
1980.75
1592.09
1956.49
1865.02
1925.77
1839.39
1927.11
1897.12
1855.18
1864.18
1626.45
1972.39
1926.50
1993.10
1959.05
1880.02
2056.18
1778.59
2037.49
1839.75
1827.73
1945.37
1950.85
2058.72
1811.83
1802.14
1913.21
1898.27
1777.14
1839.49
1974.13
1961.60
1653.96
1786.21
1893.99
1818.52
1813.98
2142.62
2088.67
1801.73
1913.14
1925.33
1932.90
1950.91
1860.42
1968.64
2088.87
1928.48
2031.52
1859.94
1825.47
1746.02
1926.53
1946.12
1860.47
1942.45
1837.79
1970.80
1779.73
2112.74
1906.94
1742.50
1959.34
1847.99
2039.05
1826.10
2047.18
1925.19
1901.22
1911.07
1797.53
1911.86
1872.86
2010.71
1830.83
1906.42
1817.29
1918.63
2039.51
1805.56
1954.74
2076.71
1794.91
1973.13
1847.29
1952.74
2103.25
1783.30
1902.87
1322.87
1140.53
1017.32
1839.60
1465.25
770.81
1193.32
1289.88
720.29
1235.17
2139.20
1548.72
1809.62
1713.50
1432.02
1961.43
1666.82
1806.70
1790.79
1419.09
1357.59
2153.25
1732.56
1816.19
1427.75
1449.40
1567.61
846.18
1920.86
1502.15
1734.79
1555.50
1802.83
1120.22
1468.88
1986.89
635.12
1817.96
1674.34
480.40
1879.63
1964.80
1167.57
746.28
1337.85
1713.38
1879.01
735.63
1608.61
1406.56
1494.19
1455.28
1244.05
2107.41
1607.57
979.53
1561.76
1954.58
1300.95
1875.22
1278.64
1130.83
846.53
221.43
1351.37
1249.04
1155.72
1930.29
1351.96
867.38
1549.70
1352.99
1415.84
530.73
1524.56
1597.86
1508.61
1714.42
639.83
1605.73
1180.62
1065.10
1469.88
1815.62
555.57
1594.44
1473.92
1620.77
936.58
1790.32
2096.24
731.33
1373.15
1358.80
1482.27
1729.87
1815.43
1268.47
967.90
1193.62
1414.41
1750.94
1573.80
1788.87
1892.40
1842.41
1835.29
1801.48
1324.73
1692.86
1325.59
1261.93
1139.37
1472.03
1354.64
1278.07
1552.12
1410.45
1366.12
1602.76
1027.72
1693.59
1785.68
1159.74
1231.33
2120.25
1164.66
1531.30
1547.92
1850.91
530.14
1451.93
1376.63
1133.13
603.67
1459.68
1061.10
1168.40
1719.54
1217.56
724.81
1375.02
784.90
1821.81
1036.23
1893.58
1917.99
1092.33
860.03
1709.02
1621.80
1579.55
1916.59
2129.18
1481.48
739.13
1585.41
644.09
1251.08
1920.85
1879.46
633.20
563.38
1187.62
1651.91
1089.97
811.19
1653.49
1460.43
2011.91
1778.25
1869.09
970.87
1750.18
1314.01
1440.34
1688.80
1953.06
1752.36
1604.87
949.55
1807.45
1896.29
1550.54
1608.45
1344.88
618.78
954.53
785.47
1491.62
1934.97
1944.67
1398.16
1456.44
1086.18
1540.77
1712.64
1704.28
1297.59
1681.71
1502.12
1399.14
1876.99
1554.24
970.62
1635.98
1358.25
1507.70
1613.95
1934.71
1491.45
1711.71
1704.19
1504.61
1604.21
2139.86
1852.64
2055.48
1407.15
1041.32
1091.39
2096.44
1958.55
1894.62
1327.28
1718.98
864.29
507.95
1437.06
1568.82
1176.56
1079.32
1216.58
1912.52
1955.55
1611.94
1676.79
1969.84
2006.02
1770.19
1515.00
1622.57
1829.71
1506.95
1970.58
1514.34
1177.72
1860.82
1790.53
1871.43
725.89
701.75
1914.87
1577.80
1688.43
2037.55
1574.44
1895.59
1616.66
1960.45
1222.98
1803.81
820.50
1535.62
1689.75
1717.73
1279.53
1510.37
867.72
1912.63
1647.36
754.54
1564.05
1808.00
764.78
1238.67
1617.26
1847.62
1730.75
1454.72
1007.23
977.46
1007.89
1455.50
1373.48
814.24
1780.21
1065.91
1125.79
1763.96
1555.33
1034.39
1821.55
1222.26
1139.13
1526.55
593.10
1339.75
1214.15
1775.40
776.28
1326.49
897.29
1872.64
1409.71
1495.30
1754.90
1738.94
842.47
1848.39
1696.94
1130.19
1136.06
1649.71
1585.39
1268.66
1681.02
1712.70
1712.86
1628.90
1461.32
1711.05
685.66
1393.17
1148.39
1592.59
1199.87
1560.09
1788.62
1032.84
1499.27
1212.36
1753.89
1606.45
1370.96
570.78
1234.51
1889.42
1646.66
836.62
1818.04
1453.98
1180.23
1757.22
1503.12
1400.43
539.37
1111.99
1849.22
1799.48
968.54
1049.30
1842.72
1159.42
1380.80
1753.82
1656.46
1492.69
872.99
1794.62
1594.56
1726.94
1712.63
1416.17
1481.41
1548.83
1879.04
818.28
1726.30
1722.36
1520.06
1400.14
1788.79
716.91
1726.69
1424.67
1876.85
1961.42
1529.99
1502.14
1353.88
1844.83
1650.90
1016.86
1060.96
1208.90
1198.32
1486.09
1764.76
2081.51
1509.28
1199.87
1214.12
1125.77
1507.13
1248.66
2009.45
1700.47
1762.51
1202.42
1658.72
1529.95
291.87
2064.05
1369.13
1655.88
1628.70
1839.40
1847.05
869.28
630.70
1147.51
719.65
1725.41
1753.97
1918.30
526.94
1353.81
1696.61
1512.66
1585.48
1485.85
1216.64
1803.13
1134.52
1558.02
1674.06
1518.79
1953.17
1694.00
652.09
1577.85
617.56
1610.40
1777.34
1716.27
825.12
1485.06
1266.81
943.50
1665.63
847.02
1653.70
1647.81
1616.50
1947.14
1783.34
1508.42
1203.70
1154.36
1703.36
1262.19
1562.88
1443.03
737.72
1171.75
1383.41
1050.40
1809.92
1297.95
1971.68
506.24
1785.01
1496.50
1874.39
1646.35
400.22
770.36
1809.91
636.52
1053.21
1501.86
1489.77
1748.66
1372.64
1818.45
1301.37
1702.15
809.40
1503.41
1332.61
1121.28
1505.73
1609.16
1614.85
495.86
1140.75
789.12
1347.24
1567.64
1118.06
1155.08
942.88
1148.34
1120.26
1576.86
1913.70
1939.07
1955.07
1305.89
1942.21
1820.31
1017.94
1223.71
716.31
1017.48
1512.86
1166.10
1774.56
1799.17
1519.29
732.88
1485.70
1198.90
1705.47
1713.16
1903.99
1200.32
1712.12
833.05
1508.09
1096.52
1091.04
1680.80
1403.75
1622.32
1810.68
914.75
1308.55
1540.62
664.19
1597.96
1345.83
879.78
1841.92
1487.86
2122.58
1157.35
560.87
1115.15
1485.00
1853.55
1776.07
1743.17
1366.33
1412.95
1733.97
1712.91
1430.64
1479.98
1884.20
1365.76
1589.56
1431.75
1650.80
1838.69
1848.57
1818.62
1253.81
1117.66
1047.36
1428.40
1569.66
900.26
1854.58
1566.51
798.60
1576.79
1967.76
1505.58
1151.07
1098.84
1511.97
1206.86
775.03
1379.66
757.88
1434.38
1232.58
1138.58
1664.39
932.60
1304.99
1255.51
1093.96
1541.21
1536.89
773.17
1704.58
1201.42
534.56
1392.90
930.80
1409.75
1144.22
1616.83
1267.77
1359.94
1228.28
1735.18
1145.92
1620.67
1162.08
1596.84
1926.99
2079.41
1667.10
1238.35
624.16
1709.20
1490.75
1500.47
1386.56
1598.18
1923.30
1538.04
1496.53
1501.13
1068.01
2009.09
1741.41
1898.31
1220.46
1363.33
1668.03
1593.86
1444.12
689.77
1836.31
1370.13
1720.86
1353.88
818.56
1628.90
1831.30
1342.27
1864.90
1553.60
1529.45
734.04
1472.43
2098.43
1430.72
1749.49
1882.62
1664.71
1499.95
1825.20
1516.24
1541.40
1511.77
1525.45
1590.56
2105.04
892.36
778.46
1745.48
1465.01
1292.55
455.89
1351.96
815.04
950.03
1819.79
953.49
1508.48
1737.30
1755.48
1387.08
1907.42
1423.63
1106.01
1358.24
1804.93
1520.40
1657.14
1617.91
1292.66
996.90
1498.14
1520.54
1213.11
1484.33
1674.91
1612.52
1116.61
1652.78
1497.47
1628.49
1778.97
1174.46
1955.24
1507.03
1830.74
1007.28
1987.28
1610.58
1949.59
1202.54
1116.95
1928.43
1736.38
1512.51
1011.58
1364.50
1831.81
1360.77
1586.51
1334.66
492.22
1714.85
1009.35
1316.93
1251.45
2165.59
1283.34
1414.52
1678.76
976.37
702.93
1367.96
1468.80
1410.51
1575.51
1032.50
1011.95
1482.93
1407.40
1474.42
1389.28
1920.30
1466.90
1195.67
969.92
1511.48
1746.96
1519.96
1307.04
1479.90
729.96
1497.59
886.87
712.54
1316.03
1564.14
1605.66
1853.06
1268.28
1698.27
864.57
1580.97
1838.44
1060.79
1898.07
1245.92
1903.84
707.69
599.13
1520.82
1131.06
1802.44
1296.05
1846.70
1618.58
1480.70
1562.63
1166.46
901.70
1813.49
1696.64
589.77
1189.40
787.72
1088.51
877.25
1455.98
1489.63
1512.44
1956.58
660.63
776.36
590.29
1386.51
1103.21
1583.87
973.59
2143.90
1580.65
304.08
1403.31
1229.73
632.76
1197.82
1500.04
900.88
1810.20
1817.74
1688.79
859.00
501.60
1445.61
955.65
1517.49
1535.37
1133.94
1647.06
404.57
620.95
1678.63
1720.82
725.75
1008.47
1158.46
1493.23
1497.16
1344.60
1804.64
447.60
1353.95
829.03
1561.55
1656.05
1785.77
1665.19
1485.36
1900.41
1465.75
1900.98
1194.98
1613.39
797.47
1509.47
1371.42
821.29
1585.60
1729.68
1599.69
1698.71
1479.76
1709.90
1490.69
1146.02
1348.50
1192.64
840.49
1749.32
1579.01
1538.94
1413.53
2032.21
1828.33
1811.64
479.13
1194.44
1210.74
1993.51
1556.03
1110.50
1505.13
932.31
1908.28
1737.93
2111.33
1674.85
1445.69
932.83
1993.07
1756.67
536.08
1333.39
939.93
1372.56
1510.62
1506.08
1506.02
1712.07
1444.68
1838.61
1247.58
1154.07
1475.23
1597.14
806.96
1492.31
1514.70
984.07
597.79
874.95
1388.72
1188.57
1569.05
1114.38
1813.05
1675.91
620.33
1534.11
1464.69
1402.92
1232.03
1344.35
1788.61
1536.42
1896.50
2138.37
1900.00
1511.48
1375.67
1012.25
1490.16
1469.64
1732.52
1747.58
591.22
1810.24
1899.43
1851.10
1755.50
1288.88
1359.61
1152.60
1153.91
1767.20
745.35
364.47
1017.58
590.26
1266.60
1091.72
889.04
717.89
832.31
1598.93
1435.94
602.80
1180.59
1663.57
915.99
1716.83
1842.00
1458.12
1727.94
487.89
1485.02
1509.85
958.51
1252.95
1401.86
1172.53
1929.03
1323.18
1517.07
764.82
2123.09
1239.30
1944.19
1179.64
1411.66
1264.32
1624.67
748.84
1313.62
460.20
1327.38
1700.76
1877.02
553.93
1738.08
631.50
1070.63
1047.95
1176.88
1717.25
1385.16
1514.57
1540.50
898.61
646.72
1179.82
1876.45
1786.31
1139.26
2052.51
1880.33
1639.28
987.71
1563.62
1455.04
781.08
1484.88
1131.98
1605.84
1300.48
1478.43
1600.42
1489.91
1460.46
1626.64
1627.77
1609.10
1463.74
1208.68
1578.70
1799.40
1142.27
1677.12
1216.44
894.57
1625.81
1581.26
1910.46
971.04
1152.14
1220.12
1126.75
1822.45
1185.74
1962.88
605.65
1384.57
1467.14
1353.10
1509.60
1755.93
1967.75
1545.23
1153.02
1286.07
1699.01
2082.29
507.28
1969.44
796.10
1027.56
1717.97
1081.19
1474.62
548.66
1868.48
1513.01
1956.09
1921.21
1328.69
1654.74
1521.08
1924.30
1673.18
1418.38
878.29
840.51
1608.77
809.88
1698.29
1402.65
1397.80
2170.90
1622.15
1616.14
1550.80
1114.46
1782.07
1733.37
1882.21
594.98
1069.42
1042.15
1441.72
1821.33
1707.90
1510.32
1769.36
1648.27
1495.37
1606.14
1754.72
1514.76
1925.98
911.84
1376.54
1007.83
1715.63
1682.78
1742.51
682.10
1300.80
820.32
1209.23
1240.33
1155.43
545.60
1388.26
1358.44
1656.77
1178.31
674.83
1120.85
1587.37
557.70
697.20
1639.72
1743.26
1260.73
1671.69
1700.98
1761.88
1601.78
1632.36
1583.11
1371.02
1774.42
1616.14
1203.79
762.38
1136.54
1132.39
1399.27
562.21
1544.03
1891.49
1714.73
1398.74
1442.21
958.30
1725.32
2085.83
1249.49
1164.90
1824.54
1213.46
1225.55
1440.80
1586.99
965.28
1117.76
1885.66
1798.61
1904.01
1424.48
1631.19
1791.22
1637.65
1932.04
1701.95
1644.16
1706.90
1387.80
1847.07
1320.42
1572.19
1393.15
1492.96
1514.02
1484.18
891.49
679.56
1735.33
1615.88
1207.69
1131.24
1128.20
1500.46
1105.89
577.55
701.27
1539.72
1698.73
1511.52
1495.88
1945.37
1868.84
1986.81
1237.90
1426.99
1064.95
1202.13
1033.21
1786.98
599.56
1592.97
1151.10
1605.83
1846.70
1327.95
1636.81
1046.60
1520.45
1714.24
555.21
1444.38
1218.19
1471.43
1411.63
1573.25
729.06
1430.90
1640.43
226.32
751.48
1918.09
1550.87
763.92
1167.97
1822.57
723.82
761.25
1947.28
1729.58
1730.67
1909.65
1903.04
1268.17
1555.03
1227.69
1792.24
1575.52
1573.40
1594.67
1975.49
623.73
1708.89
1356.03
1575.43
1524.96
829.56
1255.73
1547.78
1532.94
791.99
1459.13
1889.40
1475.03
885.02
1529.67
1378.17
1595.72
1868.39
1926.89
651.84
258.97
841.24
1653.20
1765.77
1848.44
1611.29
1559.85
1814.38
1724.86
1774.44
617.47
1785.98
1830.08
1554.60
1707.36
1928.66
1343.40
1905.60
1412.30
1195.11
1466.35
969.45
1610.57
1537.43
1754.20
1218.67
1540.58
326.43
1917.63
1463.56
1375.27
533.68
796.10
1802.40
1536.92
1758.04
1024.79
1825.37
1396.04
851.19
1871.71
1302.97
901.80
669.18
1251.78
1956.43
1945.38
1403.90
601.96
1145.04
1133.71
791.00
1717.03
1219.24
1329.88
1344.54
1511.33
1420.89
1791.30
856.81
1296.51
1876.59
1693.82
456.64
1924.35
1472.83
2097.32
1789.75
864.35
1125.21
596.00
1685.92
1640.96
780.91
1145.75
1701.93
640.43
1116.37
794.39
1667.74
1554.40
2074.49
955.26
1176.73
1117.63
1568.94
1903.15
652.96
1924.50
1389.30
1479.21
598.33
1644.41
1509.73
1862.38
1780.12
728.21
1626.95
1095.07
1837.45
1434.40
1598.72
1696.99
707.65
1105.64
1093.91
942.61
1492.13
1508.00
1794.11
1470.57
1390.20
1468.65
1176.13
1390.06
1419.52
1983.93
987.53
1817.36
1608.78
1652.44
1499.12
1135.60
1478.46
1917.68
1707.31
848.01
1603.23
1507.97
2049.26
1652.99
1587.43
1730.38
1411.25
1523.70
1643.54
1807.09
1055.30
1529.87
869.09
1739.42
1794.64
541.87
1600.91
1865.67
1826.98
1347.79
1253.61
757.57
1180.45
1818.25
1185.58
1742.28
1209.91
702.87
1380.64
1544.40
1323.17
1723.89
1183.60
384.75
886.39
1764.36
1995.69
1629.18
1639.40
1980.07
1300.13
1580.52
1717.28
1605.96
1259.79
1499.26
1447.58
1741.87
1146.87
1596.28
1518.27
1159.24
884.55
668.87
1825.89
1231.28
1487.43
839.94
1107.06
1474.63
1577.63
1119.97
1353.23
1766.08
788.90
1865.19
1040.68
784.38
1663.84
1092.82
1749.03
1936.36
1091.45
1813.55
1834.50
1907.35
743.49
471.26
942.93
1545.13
1715.30
581.94
1839.03
1832.32
1274.55
1619.04
761.73
618.77
1689.02
769.69
228.49
1267.17
1825.43
1736.44
1632.39
1939.50
1728.19
2007.14
1641.34
1416.89
1284.12
1700.99
763.50
1497.08
1496.99
1826.58
1206.73
1593.35
1214.61
1589.38
1525.52
1467.13
1346.32
1196.59
1861.95
1060.69
1679.11
2076.15
765.20
1840.50
214.37
1968.12
1308.47
1720.82
1679.36
1044.32
1718.58
1946.65
1619.89
1591.03
616.14
1550.52
1714.07
1575.05
1349.30
1775.41
1019.52
1901.11
1683.58
1175.52
245.12
1859.43
533.04
281.97
1241.27
915.03
1811.81
1745.64
1498.61
1821.62
1417.31
1488.95
1540.79
1049.40
813.38
1609.83
1217.59
1520.47
1391.53
1500.47
1710.26
1641.48
1524.96
672.38
1482.51
1418.20
1805.51
794.49
681.54
1116.77
1176.19
1346.64
1016.22
1667.89
1571.44
1797.48
790.85
1808.31
821.16
1961.41
1865.37
1462.62
1245.09
1502.12
816.73
1887.25
1267.78
880.81
1642.02
1028.95
881.45
620.01
1055.75
536.83
1893.34
1880.41
1622.24
1216.72
1151.99
569.13
1493.43
1644.10
1133.44
466.72
1622.59
1621.96
556.01
1294.15
825.20
881.66
1200.78
1987.72
934.18
346.17
1212.21
1933.93
1498.95
1855.18
1879.27
1195.79
1645.49
1896.46
1288.14
885.14
1100.47
1741.28
1327.23
1589.73
956.46
1562.41
2081.01
1646.95
1065.28
1879.71
1952.42
1337.22
1712.38
1445.31
908.12
1871.99
1294.64
1246.93
1446.71
1694.18
1490.86
571.68
1485.72
800.13
1089.87
223.63
1682.66
1851.25
1735.87
1189.03
1283.58
1695.09
1921.07
1621.80
1223.09
1459.66
659.78
1823.56
1915.87
1081.99
1788.01
1239.83
1724.35
1901.35
1640.79
651.38
845.61
1498.35
1843.41
1398.52
1180.03
1551.30
1383.77
1114.13
1814.37
1539.75
1847.60
1552.70
1101.72
1819.57
1465.02
1648.08
963.58
1579.03
1098.87
922.57
1524.86
1656.19
1557.64
1512.28
1911.44
1181.99
781.53
937.09
1712.97
1563.06
1732.20
1361.83
1216.17
1319.59
747.01
1980.08
1162.77
1934.95
862.25
1619.24
565.83
1378.48
1260.40
1084.98
387.50
1719.75
1706.59
720.46
1175.13
2047.30
1871.32
1196.11
1827.72
1499.14
1590.74
1617.89
1488.56
2098.97
1035.99
723.41
1912.32
1643.57
1501.28
1880.55
2096.97
1504.61
1671.39
1596.29
1429.31
1198.12
1218.05
1287.25
1457.99
1475.22
1945.98
1523.06
1583.36
1633.26
1642.09
1288.90
1821.31
1072.35
1443.18
1447.26
1526.13
1974.62
595.58
1087.68
1390.84
1965.59
1715.93
1136.86
1915.66
1654.75
1636.65
1743.62
894.90
879.95
1749.33
274.36
1875.98
1940.53
1932.47
1740.87
1410.31
1528.57
1489.79
1817.42
290.64
1627.37
1166.12
1172.15
1910.72
1310.05
1253.20
1447.10
1642.29
1592.24
1476.12
1614.81
1391.07
1809.55
810.02
1282.89
1143.17
1163.43
728.25
646.65
983.62
1675.38
584.64
1415.94
862.84
1484.55
1905.70
1897.00
1522.55
1903.70
1524.82
1375.60
1664.87
1875.58
1165.75
515.79
1172.94
1793.60
1613.54
1910.53
1905.33
671.02
511.90
1782.54
1158.11
1785.52
984.34
1849.19
1137.03
1610.34
1194.74
1135.39
1303.05
1431.24
1938.21
1289.84
1961.54
1484.99
1468.72
1679.66
1649.53
1895.15
1733.81
1581.46
1266.58
2052.49
1093.61
800.30
1482.50
1291.10
1622.93
870.40
1284.23
1206.77
1638.34
1658.63
2001.37
1269.27
1438.67
1587.75
553.42
1651.65
1591.01
1891.68
1891.81
595.78
556.39
1661.62
1841.08
1188.59
1877.30
763.87
1168.53
1392.51
756.77
2089.07
1364.40
1138.32
1775.81
1918.20
1478.90
1072.85
701.81
1476.33
1581.71
1802.00
1500.81
1737.54
1627.43
1171.31
1840.29
1623.29
1411.04
1922.14
306.41
1725.24
1329.95
1648.77
589.40
758.73
1902.82
1890.72
1312.90
837.18
1533.00
1867.45
1710.49
1275.30
1642.93
1735.12
1180.14
1747.67
1671.44
1485.20
1158.03
1287.97
803.30
1713.49
2025.67
1580.07
1856.09
2113.47
1849.32
1350.75
1657.49
749.81
886.73
1488.68
778.42
1517.60
1461.66
1889.66
1049.41
1680.33
1713.32
1586.99
1737.52
1523.92
1785.79
551.56
921.30
669.48
1389.37
789.23
1918.09
1633.81
2065.53
1584.63
1288.35
1125.88
492.66
940.95
1570.23
1512.15
1678.23
1006.38
848.17
1335.32
1216.39
1522.21
909.75
841.38
1590.07
1485.86
1923.28
911.59
1225.05
466.99
664.11
1671.30
1416.23
1779.43
1518.59
1552.47
1526.27
1761.93
1900.04
1241.56
1914.33
1502.56
1534.07
990.84
1460.01
1736.52
355.83
1853.89
1845.45
1134.46
1489.60
1090.18
1758.40
1155.85
1428.38
1493.87
1553.89
710.70
1696.46
1627.35
1625.55
975.06
996.88
1874.21
683.67
1739.18
1915.49
908.00
1481.86
1926.95
1483.00
857.42
1785.11
1184.52
1230.94
1121.43
1816.78
990.25
1314.58
1980.43
1589.17
1192.17
1631.12
1617.74
1356.59
1085.13
1497.70
1116.46
728.90
1201.13
1456.83
386.73
1628.09
469.36
1521.08
1222.92
1740.18
1628.17
1853.38
1449.38
1536.35
444.48
829.77
1530.14
1909.50
1193.73
1647.56
1865.20
1618.36
1476.39
1486.21
1183.72
1595.90
453.76
2179.12
1427.91
975.32
763.57
693.49
1853.94
1413.57
1449.42
1930.95
1804.01
1348.01
1614.02
1497.26
1032.65
1919.03
1645.57
1631.67
1590.33
1505.61
1969.99
1513.99
1702.77
959.42
897.66
1717.74
1729.62
1385.63
956.82
1994.53
1399.60
1544.66
1613.72
1621.06
1482.49
1181.46
1567.39
1333.61
1900.29
1218.38
1761.35
1661.20
1596.11
2122.39
1285.17
1398.00
1617.36
1624.62
1428.85
816.14
1093.86
1636.97
1370.18
1813.13
1556.69
1287.07
981.53
1172.97
1112.98
1866.40
1466.47
1152.32
1809.84
1380.11
1695.19
1987.00
1899.74
1584.92
1649.36
1704.74
1186.89
505.36
1653.76
1979.99
1782.81
1648.36
2185.63
1714.05
1859.20
1250.29
1130.59
1308.74
1745.87
1638.99
1601.47
1195.24
1657.40
1719.94
849.33
1858.29
1465.17
1949.16
2142.31
1235.85
783.49
1586.82
1822.66
1776.99
1654.01
1061.00
1919.84
1780.34
1860.15
1272.58
1613.68
1937.98
389.22
656.49
1321.15
874.75
1423.92
1057.30
1774.29
1116.80
1168.27
1166.04
1219.36
1676.72
1663.57
1351.45
1180.65
1705.77
1598.12
1553.50
954.43
1941.24
1502.73
1502.97
1305.76
1514.03
1744.98
1286.85
1175.46
493.52
839.04
1576.87
899.57
1438.82
1536.68
1602.80
2062.04
1918.40
1789.49
1599.17
1704.61
1341.70
1925.68
1492.15
1631.11
1827.87
1949.12
1413.00
1738.03
1563.84
1561.41
1790.06
976.50
1111.84
2005.17
2069.02
1421.42
929.82
1671.20
1932.74
1533.33
1625.77
1607.34
1933.77
884.00
1729.34
683.07
1262.41
1620.87
700.70
1517.55
1585.95
1883.19
1803.03
1705.22
1150.16
1088.68
1337.99
1896.99
1852.66
1512.45
1708.94
1364.96
934.03
1700.53
1192.65
1576.10
1204.40
1411.03
1819.89
1908.83
1962.22
1520.61
869.29
1874.24
1236.07
1717.72
1321.27
1737.47
1227.98
1062.43
1194.30
1664.70
1433.03
1579.73
1088.17
1661.61
1597.65
1723.80
1946.97
1654.70
515.02
1389.71
1145.45
1363.84
2121.21
857.70
1612.01
1867.09
1164.50
1309.20
1815.66
1782.14
1588.19
1649.48
611.30
820.74
1182.85
1573.96
1578.19
1601.23
1627.48
1569.03
1488.81
1529.63
734.57
1725.21
1747.63
1915.38
1920.08
1818.22
1545.00
921.36
1002.96
1632.71
753.49
1475.37
1529.46
1560.96
827.26
1663.19
1919.00
847.66
1712.44
881.12
951.58
1759.33
1284.45
1808.60
1837.20
1570.51
917.69
1511.61
918.28
1378.58
1541.70
1144.21
1560.92
1570.23
1094.91
867.48
1511.83
1061.63
1834.09
1293.81
1243.92
1661.27
1419.33
817.31
1182.05
1554.49
880.69
645.44
690.65
525.48
1362.00
1797.10
659.08
1584.32
1568.81
1671.37
1491.13
1696.34
1881.25
854.17
1457.64
2059.45
1543.80
1767.99
1303.82
1320.99
1676.66
1310.25
1274.56
1028.96
1595.23
1713.75
1489.14
1179.12
1641.05
720.77
1065.43
990.24
1689.03
1076.40
1396.97
888.21
989.03
1444.26
1040.59
812.11
501.87
1617.96
913.56
831.81
1869.32
802.10
1995.09
1378.29
1624.82
1801.85
1392.95
850.55
1781.15
1677.07
1795.10
658.83
1008.74
1051.10
1612.85
554.07
1463.71
1620.44
1511.15
1850.87
1122.29
1068.59
1735.93
1536.22
1916.51
1946.26
1491.89
1705.17
1701.14
704.65
1593.12
863.67
1798.87
952.70
296.57
807.67
1249.51
1712.61
1867.07
1001.74
1499.14
1288.72
847.93
1346.07
1690.69
1480.71
1617.36
1878.00
618.39
1596.42
818.10
1802.85
1146.46
1231.40
1063.90
1932.05
1357.01
1278.87
1965.57
1631.96
1223.67
1881.29
1612.97
1536.78
1954.24
1683.18
1148.42
1526.17
1423.54
1648.88
1191.71
1783.04
1166.26
1598.55
1653.92
1720.09
1719.89
2141.81
2060.67
678.98
1515.61
1708.84
1551.60
598.66
787.40
1104.20
1981.83
1350.98
1370.35
1779.47
879.85
1604.22
1587.43
1745.05
509.85
922.12
1703.49
1743.65
885.02
1157.74
1954.22
1695.22
1774.94
1653.22
1311.33
554.91
1913.80
1251.87
1195.60
2188.20
1462.08
1781.70
1240.42
1547.36
1750.31
1950.39
1761.51
823.07
1693.95
1294.32
1592.62
1847.47
1271.17
1694.75
1356.70
1735.39
797.42
675.33
1142.28
1375.24
1786.16
1143.48
1852.38
1259.13
1450.00
1497.03
1366.23
1405.30
1184.75
1925.79
1921.16
1247.42
872.16
1117.91
1499.12
2068.17
848.49
1676.63
1447.32
2054.10
1400.32
1901.26
723.48
1615.71
1374.14
1114.08
1490.29
1186.14
1033.72
1577.36
1153.06
1777.09
1349.58
1424.08
1648.62
1450.87
1549.43
1187.49
2128.49
1527.39
1413.92
1163.47
1211.82
1858.32
1619.77
1551.95
796.57
1448.37
1815.94
1644.43
1719.11
1986.39
888.59
1516.37
1750.89
1736.65
882.41
1921.34
641.27
1537.65
1599.14
1501.18
1223.79
780.54
1138.05
1729.81
1093.97
1597.21
1728.13
1492.25
1757.70
1274.18
1888.82
1575.58
1651.58
1699.33
479.66
1284.70
1129.19
1770.61
1823.85
514.43
1153.41
1328.29
1689.11
1904.16
1321.88
1864.89
1846.60
1086.96
1566.67
1895.47
1610.60
1577.40
1454.37
1169.72
1924.81
1385.76
1254.42
1446.12
1727.39
1450.65
758.36
1396.16
1859.51
930.37
1445.75
1594.15
1347.83
1527.83
865.24
772.85
1710.57
1707.40
1167.56
1145.12
1867.09
1517.89
1845.49
615.24
1553.79
762.07
1284.67
1394.63
850.71
834.64
1496.25
760.13
1823.16
1387.43
1155.25
1907.33
1313.31
1491.23
1505.56
1350.56
1317.69
1331.17
1217.32
1620.16
873.79
655.94
900.87
561.70
2051.78
1709.77
1283.27
1162.33
515.15
1136.26
1427.79
1435.64
1217.24
2166.73
1263.70
1299.58
1547.80
1836.60
1736.49
1565.67
1606.59
1342.61
1740.62
1875.21
1475.25
1631.91
1581.70
711.65
1654.62
1291.85
1116.63
1871.40
1941.26
1901.77
1163.88
1640.24
872.85
883.44
1805.40
1162.52
1598.50
513.78
1389.77
1727.04
962.45
1623.35
1701.86
1870.75
292.46
1305.46
2025.69
1929.77
812.14
1346.96
1639.06
1723.39
1673.91
1942.95
1314.89
1504.83
763.66
1521.52
1161.88
752.64
1442.11
240.72
1848.76
723.83
678.26
1564.11
1285.41
2105.38
1272.13
1923.58
1922.05
900.47
1888.78
1563.87
2014.89
680.84
629.41
1656.29
1592.42
1625.45
607.04
1668.92
2153.49
1172.11
1144.39
751.70
1704.47
1826.78
1663.28
2057.61
1627.93
1550.64
587.49
1165.03
1750.85
1958.02
1779.49
1835.64
728.10
1634.26
1425.09
1968.48
1307.46
1365.69
1630.16
1637.92
815.06
1874.22
1322.87
1514.42
1813.31
1356.83
1247.84
1501.96
1913.61
750.68
890.29
1948.79
1755.31
618.44
1588.32
1554.93
1507.03
1826.66
1817.42
1314.65
934.07
1730.87
1492.23
1581.51
838.44
1449.86
964.06
1489.32
1327.56
1390.82
1846.33
1659.68
1013.95
1692.61
1519.99
1214.50
1403.12
1822.05
1724.76
1626.80
1740.00
1472.69
1905.99
1673.67
1863.83
1843.06
1207.27
1379.53
1592.34
1192.87
1696.63
1686.22
1843.29
1474.62
1702.58
2008.54
599.00
1355.48
712.62
1723.63
1574.14
1649.11
1383.61
635.63
1355.32
1433.66
1378.09
1239.46
1827.26
1901.96
1287.66
1970.95
627.29
1563.21
926.20
1564.85
1181.75
1105.84
1640.23
1447.70
1148.46
601.78
1478.79
1444.92
1483.54
1802.01
1697.48
1440.65
1773.65
1671.46
1487.70
1524.08
1355.97
1226.61
1419.99
1982.65
967.20
973.88
1909.37
750.41
1728.85
1520.51
1525.12
1386.58
1815.63
1255.82
1856.27
1811.68
1053.69
1719.53
1108.51
735.36
1366.35
819.65
1715.92
1875.50
1543.12
1446.43
1642.78
288.01
1617.04
1167.36
1215.84
1699.23
1106.35
798.33
1710.01
876.08
1315.80
1720.42
648.72
1493.18
709.35
613.89
1416.89
1612.25
1159.29
1618.53
1477.55
1116.15
1918.19
1672.66
1660.36
1645.42
1445.81
1452.34
718.39
1689.74
1837.42
776.99
749.62
1040.23
1700.06
1848.05
1122.23
1947.40
1305.74
1196.54
1908.54
1274.70
1917.78
803.26
1422.36
1555.90
914.88
1868.67
1288.47
1166.68
1791.46
1286.10
890.66
1794.82
1979.03
1556.80
1504.18
1112.82
1092.54
1333.46
1588.60
1278.17
1952.52
1484.48
1337.18
1213.91
782.32
1788.95
1569.68
1309.00
1438.51
1859.44
2148.35
774.08
1777.69
1728.38
774.11
303.87
1580.27
1394.32
1330.47
1089.49
741.42
1563.67
1707.35
1498.08
1740.46
1522.52
1451.64
990.31
1610.27
987.64
1120.04
1473.34
1154.46
1018.85
753.42
931.40
1811.72
2046.88
1735.68
1872.33
1044.28
1727.66
1682.51
1248.57
1262.23
1939.02
1227.94
1576.59
1673.70
1974.60
1560.13
1411.91
1493.75
1926.29
1003.50
876.00
1453.01
1585.58
982.23
1022.56
1205.81
1218.33
1735.74
1448.26
1327.43
1819.11
1586.79
1615.52
332.41
357.09
1957.50
1698.63
1049.49
1873.72
803.39
990.18
747.44
1658.56
1042.45
1978.26
860.89
1522.88
1416.69
746.09
1815.16
1060.94
636.67
1343.39
1744.33
1644.82
1264.12
1904.03
1472.55
666.87
1811.98
2072.80
1330.05
2056.51
1248.08
2156.07
1189.14
1828.94
864.77
1456.34
795.89
1182.75
1350.85
1509.47
1362.36
1474.97
694.82
715.68
1423.98
1274.72
1928.83
1903.70
1619.82
768.91
1368.41
1148.61
851.56
1547.07
827.93
1496.86
1389.92
1444.17
1356.27
1723.78
1011.08
1045.67
1832.96
1367.90
1901.84
858.58
810.75
1860.62
976.58
1315.40
1653.60
1538.25
1275.89
224.64
1843.63
1310.03
1966.40
1398.59
1574.77
1232.32
1911.06
1738.76
1715.83
1644.42
1594.29
770.30
1857.58
1452.78
1505.44
1758.89
1808.46
1464.22
1371.33
1825.14
1763.13
1177.51
1742.06
1377.96
755.13
767.11
1303.73
1921.33
1130.83
930.57
1653.13
785.74
1537.91
1353.24
1150.45
1571.36
1493.91
1575.10
836.88
1737.89
1203.16
1169.75
1028.84
1458.99
1543.52
1512.58
1081.86
1294.63
874.10
1827.40
1016.98
1660.86
1132.51
2133.15
1732.32
1224.15
1835.11
1233.31
1791.34
1530.97
1219.93
1396.45
1557.25
1313.26
639.05
1635.29
1375.68
1004.53
2019.17
1285.34
1798.38
1101.70
1471.49
1181.32
1909.30
1533.81
1883.88
1613.47
1590.07
1790.16
912.33
1624.63
804.68
1388.67
1097.51
1219.73
1120.73
1960.54
1809.87
1582.47
1175.43
851.16
1614.56
2089.96
1783.73
639.80
1257.27
1048.07
1591.77
1467.68
1540.64
1594.63
1487.37
257.23
1529.71
1776.92
1450.66
1629.62
1085.09
1913.73
1791.36
1014.76
554.44
2141.93
1164.92
1725.89
1730.48
1337.32
1918.02
1304.33
1670.86
1789.54
495.54
1300.48
286.85
1753.04
813.65
862.90
1797.83
1751.23
837.69
1379.92
1560.16
1979.73
1804.95
406.22
1608.83
1111.39
1880.15
1288.48
1939.84
1943.84
1973.14
1487.03
1712.65
1189.46
1472.70
680.35
1682.14
1492.85
1005.04
1165.81
1656.90
1290.28
1732.94
255.68
1733.50
1692.66
1005.38
1094.48
746.40
1497.80
1059.72
1164.27
1199.76
1109.99
1529.55
1502.56
1077.17
1370.16
1548.28
1417.79
1539.47
1386.38
1781.35
1857.66
1161.16
1210.19
1094.31
1622.06
836.20
689.31
1265.24
882.70
1812.52
1384.14
855.46
1783.53
1146.38
1929.39
1349.55
1189.81
1364.30
746.64
1274.69
1296.91
1397.17
1835.45
850.57
1288.04
1416.44
1729.27
556.71
1436.84
1312.47
943.48
1895.52
1844.36
1120.20
1366.12
1323.03
1676.10
1691.31
1361.73
1193.71
743.62
2029.58
1186.77
1967.81
1188.02
775.09
1950.75
1398.83
1526.88
1207.83
1571.82
1531.21
1276.48
1229.02
852.66
1338.83
1348.54
1349.66
1454.79
713.16
1378.14
1106.23
1331.20
1447.50
1683.97
1945.12
1613.19
1259.77
1928.01
1045.18
1594.44
1152.84
1653.32
1248.13
1215.56
1586.61
1586.09
1747.33
743.10
1214.36
2099.24
1791.73
1764.42
1404.16
1950.53
1745.81
2048.80
1606.25
1539.77
1575.38
1871.16
1434.14
1202.28
1452.29
1498.97
1136.01
683.82
1102.46
1860.29
1290.93
1567.48
1883.00
1811.36
1562.15
881.10
1584.08
1876.44
384.22
1458.27
1403.79
1568.08
1613.68
1134.54
1366.20
718.86
573.28
1307.89
1636.76
1930.86
1900.66
1828.16
1415.75
1692.92
1662.09
1905.96
895.29
1754.64
579.64
887.80
1144.44
1471.73
993.79
1594.68
1179.17
1603.89
1590.57
1638.66
1387.16
1471.66
1669.48
1279.25
1614.34
1924.45
1573.24
955.88
1260.44
1739.93
1269.24
1386.27
932.32
923.09
1491.96
1728.12
936.10
810.06
1172.90
1702.12
1425.75
1387.70
951.47
1824.41
1539.12
1629.20
1620.65
1412.37
1307.97
750.17
1407.53
865.31
807.06
1758.01
1948.93
1120.89
1944.04
881.61
1279.44
948.02
919.48
1096.95
1253.81
1552.74
1457.65
818.01
1521.95
1828.82
1420.11
1298.10
1681.35
1582.65
1951.29
1206.40
1049.63
1447.75
1710.29
1281.72
1217.90
1599.71
1159.72
515.13
1574.30
1647.99
820.43
1217.00
1191.33
870.68
1584.74
1538.41
1151.73
1157.29
1547.43
1662.22
1702.98
1689.18
1496.86
1442.34
1693.29
1799.27
1662.53
1970.27
1847.92
1605.76
1704.22
1174.75
1490.75
1242.36
1165.51
1716.70
1326.91
1215.57
1700.00
717.32
1801.48
1116.47
989.13
1025.34
1919.40
1512.01
1502.80
1719.84
1444.07
1574.05
890.02
1310.64
936.02
1497.78
1725.95
1016.76
1414.44
1476.42
1069.47
1251.20
883.29
1529.23
1829.49
1020.63
1219.49
732.61
1555.58
406.57
1088.39
787.31
1447.79
1531.47
2011.05
2115.48
1391.75
1891.54
806.11
909.65
1889.14
1533.31
1326.83
1454.88
1521.30
1246.76
1903.19
1581.06
1037.33
2073.70
2060.64
1966.95
1668.14
1531.53
756.14
1531.32
1204.07
1530.81
1485.45
937.50
536.58
1924.62
1407.71
788.46
1488.05
1653.57
1271.97
1657.38
1920.13
982.88
763.20
1320.51
1698.82
711.51
739.36
569.53
1832.04
1664.87
1426.93
1860.05
1309.63
1883.54
1634.65
1305.78
1699.01
1947.33
1536.24
1297.14
1598.59
840.43
718.58
1419.16
1619.10
1608.27
1559.93
992.06
1753.77
1705.17
1747.55
1956.30
1609.17
1738.78
1465.56
2117.20
1789.21
1167.93
811.91
745.32
1767.86
1108.89
1669.12
1711.26
1505.59
1187.87
1434.10
1314.48
1506.81
792.53
1288.41
1796.76
785.03
1571.20
1122.84
1643.86
1497.27
1174.52
841.38
1495.43
1401.20
1482.34
1504.70
1233.55
1680.84
1308.80
1531.47
1391.60
1824.60
939.26
1820.26
1773.98
1531.58
579.46
598.54
1827.03
1115.75
809.39
1593.48
942.00
1707.27
1698.06
1473.78
1760.97
1745.91
1563.00
1865.18
1845.52
1222.85
1472.56
1488.23
1495.48
1167.28
1089.47
1518.18
1347.03
1251.99
1588.66
1641.93
1305.03
1542.71
1773.34
593.11
701.34
1640.46
1483.86
1434.88
1748.41
1619.02
1229.11
1081.63
1590.75
1360.46
1053.98
1890.38
1487.92
1833.50
1545.81
1796.64
1145.85
1468.18
1745.59
1803.56
2092.76
968.65
636.48
1261.93
1451.01
880.47
736.41
1834.64
1175.49
1825.63
1266.95
1729.98
1817.97
1768.43
892.41
1485.11
1666.82
1191.74
761.42
603.54
1226.61
1780.42
1665.83
714.91
1354.06
1494.31
1671.40
1560.28
1932.09
1983.30
1837.55
1479.21
1953.75
969.39
1170.71
499.00
1728.85
1486.64
1347.69
1547.53
1609.57
2127.95
1848.64
1756.42
1458.39
1416.49
1508.15
1609.24
1985.04
1930.82
1344.62
846.16
1572.70
1451.60
1180.49
1418.64
1415.88
1864.59
1105.32
1116.43
1216.08
459.80
1551.70
1581.65
1548.87
1428.57
1209.73
1157.68
1306.41
1097.50
552.26
1580.63
851.32
1610.85
1075.23
1937.38
945.37
1952.08
1812.33
1617.30
1591.25
1918.78
1257.85
1798.16
530.29
1053.01
2149.16
1080.21
1237.76
1403.75
1560.37
490.58
1473.16
1483.52
1330.94
1897.26
1887.09
324.65
1504.48
512.72
1626.13
1382.04
1595.18
1459.65
1792.82
1908.30
555.87
250.31
1325.57
1181.40
1180.19
1391.77
849.44
1745.18
860.87
1814.43
1563.88
806.74
807.74
1221.52
1669.70
1730.83
697.18
1663.21
1609.42
1078.49
610.41
748.91
1555.55
1209.63
1115.47
1404.43
868.81
1676.14
652.04
1232.19
1720.50
1628.30
2026.03
1698.67
1456.08
852.58
1728.04
765.16
1563.04
1193.59
1621.60
1272.04
1251.19
1507.76
1534.77
1554.89
1482.77
1857.66
1794.11
1867.79
802.22
1824.91
1306.80
1533.46
1915.30
1647.25
1728.86
705.05
1178.39
1295.86
1928.13
1483.46
1855.84
1782.40
767.71
1581.18
1666.86
1796.11
1051.44
1113.82
864.76
1488.95
2141.28
1088.34
1707.74
1573.14
1084.59
542.09
1716.79
858.85
1491.84
554.92
1102.40
1155.35
1303.07
1872.66
1975.21
839.38
1671.15
850.38
666.67
1395.99
1163.84
723.15
1450.65
1736.42
1159.62
1500.58
1161.46
1313.20
1548.21
1496.69
1040.70
1266.15
1263.23
469.90
550.89
1612.81
1079.22
1124.97
1067.28
1387.17
1157.21
861.47
1712.54
793.80
894.20
1441.30
1562.71
1537.47
1163.45
1590.95
1617.45
1565.77
1456.67
1874.04
1350.21
1621.34
1790.50
1081.62
1689.17
1481.25
1788.15
1416.84
1266.00
1713.70
1396.51
1848.64
1919.89
1869.51
1902.76
1556.82
1127.66
1604.50
1728.88
1320.16
1425.56
1095.95
1775.56
1971.67
1780.52
1947.44
1370.23
946.82
1371.71
1656.21
1502.83
1714.72
606.49
1481.91
564.79
1411.39
1983.70
1512.60
1602.16
918.68
788.43
1685.47
1378.59
1298.96
1498.49
1365.57
1921.50
1682.23
717.97
1183.05
1759.86
1280.49
1326.91
1422.26
1479.33
1126.42
763.91
578.72
1817.42
904.67
1730.16
1871.21
1603.19
1576.63
1930.95
854.94
1320.79
1508.88
1221.92
1301.90
663.60
1782.61
1630.37
1464.46
442.13
1131.35
1558.63
1595.30
1001.61
1967.39
858.97
761.61
1382.36
1243.15
1821.14
1243.83
1167.74
1829.62
2032.43
1849.59
1335.06
1076.19
629.36
1637.71
1403.17
1735.38
477.57
1748.55
1774.49
1714.01
1580.51
1747.01
992.17
714.02
1714.90
1683.95
1676.23
1380.82
1211.32
1447.27
1086.36
931.69
1926.95
1074.08
1351.39
1333.71
1046.48
1138.22
1572.72
1930.86
1324.75
677.36
1353.04
1092.19
1614.61
1525.22
1255.37
1741.79
1502.59
1548.07
1908.19
1505.90
926.49
1415.61
2111.15
1194.10
1599.66
1549.08
1119.49
1284.80
1512.93
1063.27
1584.96
776.74
1456.83
1014.34
1207.04
1517.11
733.70
1404.53
1955.50
796.61
2147.00
908.18
1160.51
901.08
1591.86
1864.25
1371.19
1503.72
1283.94
982.32
783.79
1866.21
1206.71
1864.39
1612.36
1693.66
1125.68
1500.49
1470.81
1729.91
1184.70
1329.54
1647.93
743.42
1804.44
1832.40
1840.34
1786.61
1745.27
1108.55
1682.33
303.63
1394.20
1101.94
1363.86
839.53
2138.08
1390.48
1402.70
924.22
1953.40
957.16
158.15
916.96
974.04
1939.12
1969.14
1810.60
1732.10
1953.36
1228.25
1535.02
938.85
1169.30
1497.60
953.08
826.16
1737.00
1208.81
750.64
1435.86
1681.74
1423.13
1677.19
1905.63
1128.54
1918.59
1590.63
1489.31
1705.96
1309.85
1198.38
847.68
1101.57
544.77
1611.80
1646.82
1669.49
1500.64
1202.47
1319.99
1288.70
579.00
1789.71
1686.28
1483.43
1832.46
1544.49
1298.42
2062.76
830.60
1193.53
847.85
1720.27
1401.69
991.71
1187.73
1818.02
1821.70
1603.91
1444.75
731.71
1997.65
818.09
1376.33
1340.33
1287.67
1474.47
1281.73
1428.66
1098.45
1048.50
1942.46
1588.08
786.71
1816.66
1389.43
1804.08
590.84
1770.24
1406.61
516.43
1163.83
1448.59
301.51
1418.04
1128.00
1307.62
1628.89
1487.23
1292.90
1724.27
2138.87
626.38
1588.40
710.61
1636.89
1452.12
1198.41
1953.14
1637.29
1791.91
1485.84
1335.76
1903.86
1130.08
1723.53
1454.37
1361.16
1224.60
1790.74
473.24
1015.84
931.31
1010.77
1788.20
754.96
1079.64
1865.98
1460.24
1216.28
338.85
1303.13
1158.85
1020.81
1157.80
801.11
1595.51
1622.08
1885.77
1468.47
1732.40
879.50
1533.67
1672.66
1622.58
1545.95
2149.05
1238.66
1516.36
1406.87
1141.77
1978.10
1797.94
1499.21
964.22
1672.11
789.51
1441.77
814.43
1840.20
1487.73
1294.63
1531.22
1574.41
2076.85
1623.59
232.79
1579.03
1686.86
1303.53
1068.15
1433.07
1527.38
1290.46
942.00
1925.97
1486.26
1592.90
2044.53
1940.70
1437.15
1303.65
1565.78
1628.56
1402.38
416.09
1618.87
1791.06
1343.67
1241.68
1794.02
651.92
550.73
646.02
1874.20
1313.36
